P2: 564.3826904296875 0.0 320.0 0.0 0.0 554.3826904296875 240.0 0.0 0.0 0.0 1.0 0.0
R0_rect: 1 0 0 0 1 0 0 0 1
Tr_velo_to_cam: 0 -1 0 0 0 0 -1 -0.198 1 0 0 -.27 

